0.00000000000000000 2 0 0 -1 73 0 0 -0.04829777678569064 0.02216981594829256 64000001 
0.00000000000000000 0 1 1 -1 60 0 0 -0.04829777678569064 0.02216981594829256 64000001 
0.00000000000000000 1 2 2 -1 30 0 0 -0.04829777678569064 0.02216981594829256 64000001 
0.00000000000000000 1 3 3 -1 44 0 0 -0.04829777678569064 0.02216981594829256 64000001 
7.18091723063393772 1 0 1 58 108 0 0 -0.04829777678569064 0.02216981594829256 64000001 
2.32612184523420051 2 3 2 37 25 0 0 -0.04829777678569064 0.02216981594829256 64000001 
6.38338759412497403 1 0 1 10 58 0 0 -0.04829777678569064 0.02216981594829256 64000001 
0.88998615647972235 2 2 3 66 40 0 0 -0.04829777678569064 0.02216981594829256 64000001 
3.18594304517797511 1 0 1 22 38 0 0 -0.04829777678569064 0.02216981594829256 64000001 
2.32612184523420051 1 2 3 15 19 0 0 -0.04829777678569064 0.02216981594829256 64000001 
6.12763938968992328 2 0 1 92 6 0 0 -0.04829777678569064 0.02216981594829256 64000001 
5.35669245355834800 2 0 1 90 92 0 0 -0.04829777678569064 0.02216981594829256 64000001 
5.33794459504777929 0 2 1 26 62 0 0 -0.04829777678569064 0.02216981594829256 64000001 
0.83768427077170349 2 3 2 23 65 0 0 -0.04829777678569064 0.02216981594829256 64000001 
0.50064950658692120 1 2 3 30 98 0 0 -0.04829777678569064 0.02216981594829256 64000001 
1.80963089615234241 2 2 3 40 9 0 0 -0.04829777678569064 0.02216981594829256 64000001 
7.99698919472099234 1 1 0 110 -1 0 0 -0.04829777678569064 0.02216981594829256 64000001 
1.49935861094723499 1 3 0 78 39 0 0 -0.04829777678569064 0.02216981594829256 64000001 
2.59618507411971189 2 2 3 75 77 0 0 -0.04829777678569064 0.02216981594829256 64000001 
2.37404006229640707 0 2 3 9 75 0 0 -0.04829777678569064 0.02216981594829256 64000001 
3.18594304517797511 0 1 0 88 32 0 0 -0.04829777678569064 0.02216981594829256 64000001 
5.97923650057724743 1 2 3 28 102 0 0 -0.04829777678569064 0.02216981594829256 64000001 
3.16463832066014383 0 0 3 67 8 0 0 -0.04829777678569064 0.02216981594829256 64000001 
0.65138471297972544 1 3 0 27 13 0 0 -0.04829777678569064 0.02216981594829256 64000001 
7.18091723063393772 1 1 0 83 104 0 0 -0.04829777678569064 0.02216981594829256 64000001 
2.37404006229640707 3 3 2 5 74 0 0 -0.04829777678569064 0.02216981594829256 64000001 
4.27472437972832964 1 2 1 89 12 0 0 -0.04829777678569064 0.02216981594829256 64000001 
0.62150479775829859 0 3 2 69 23 0 0 -0.04829777678569064 0.02216981594829256 64000001 
5.81709017954930108 2 2 3 62 21 0 0 -0.04829777678569064 0.02216981594829256 64000001 
2.86457699742782257 1 1 2 57 48 0 0 -0.04829777678569064 0.02216981594829256 64000001 
0.34562720364239213 2 2 3 2 14 0 0 -0.04829777678569064 0.02216981594829256 64000001 
4.17908482876220155 1 1 0 63 43 0 0 -0.04829777678569064 0.02216981594829256 64000001 
3.49979246912812059 1 1 2 20 63 0 0 -0.04829777678569064 0.02216981594829256 64000001 
7.99698919472099234 2 0 1 101 -1 0 0 -0.04829777678569064 0.02216981594829256 64000001 
7.60861768233361779 2 1 0 105 45 0 0 -0.04829777678569064 0.02216981594829256 64000001 
6.38338759412497403 1 1 0 55 83 0 0 -0.04829777678569064 0.02216981594829256 64000001 
1.49935861094723499 1 0 3 46 61 0 0 -0.04829777678569064 0.02216981594829256 64000001 
1.87659731564050247 1 3 0 39 5 0 0 -0.04829777678569064 0.02216981594829256 64000001 
3.67683039802360412 0 0 1 8 56 0 0 -0.04829777678569064 0.02216981594829256 64000001 
1.80963089615234241 0 3 2 17 37 0 0 -0.04829777678569064 0.02216981594829256 64000001 
0.94518845176098676 1 2 3 7 15 0 0 -0.04829777678569064 0.02216981594829256 64000001 
3.29957122913931933 1 2 3 85 80 0 0 -0.04829777678569064 0.02216981594829256 64000001 
5.97923650057724743 1 3 2 54 107 0 0 -0.04829777678569064 0.02216981594829256 64000001 
4.27472437972832964 0 1 2 31 79 0 0 -0.04829777678569064 0.02216981594829256 64000001 
0.34562720364239213 0 3 2 3 69 0 0 -0.04829777678569064 0.02216981594829256 64000001 
7.63215792593503384 1 1 2 34 110 0 0 -0.04829777678569064 0.02216981594829256 64000001 
0.65138471297972544 0 0 3 73 36 0 0 -0.04829777678569064 0.02216981594829256 64000001 
4.40733289032241338 0 3 0 52 72 0 0 -0.04829777678569064 0.02216981594829256 64000001 
2.89156655680205743 2 1 0 29 88 0 0 -0.04829777678569064 0.02216981594829256 64000001 
7.63215792593503384 2 2 1 103 111 0 0 -0.04829777678569064 0.02216981594829256 64000001 
4.17908482876220155 2 0 1 56 59 0 0 -0.04829777678569064 0.02216981594829256 64000001 
5.76087808710316551 1 1 2 87 55 0 0 -0.04829777678569064 0.02216981594829256 64000001 
4.12963601042341910 1 3 2 91 47 0 0 -0.04829777678569064 0.02216981594829256 64000001 
3.29957122913931933 2 3 2 82 71 0 0 -0.04829777678569064 0.02216981594829256 64000001 
5.81709017954930108 0 3 2 72 42 0 0 -0.04829777678569064 0.02216981594829256 64000001 
6.12763938968992328 0 1 0 51 35 0 0 -0.04829777678569064 0.02216981594829256 64000001 
4.04098680661358589 1 0 3 38 50 0 0 -0.04829777678569064 0.02216981594829256 64000001 
2.39336118882031368 0 1 0 95 29 0 0 -0.04829777678569064 0.02216981594829256 64000001 
7.16369492638288996 0 0 1 6 4 0 0 -0.04829777678569064 0.02216981594829256 64000001 
4.40733289032241338 3 0 3 50 64 0 0 -0.04829777678569064 0.02216981594829256 64000001 
0.08792691618761658 1 1 0 1 96 0 0 -0.04829777678569064 0.02216981594829256 64000001 
1.87659731564050247 0 0 3 36 68 0 0 -0.04829777678569064 0.02216981594829256 64000001 
5.76087808710316551 1 2 1 12 28 0 0 -0.04829777678569064 0.02216981594829256 64000001 
3.67683039802360412 2 1 0 32 31 0 0 -0.04829777678569064 0.02216981594829256 64000001 
4.45521230185114447 2 0 1 59 90 0 0 -0.04829777678569064 0.02216981594829256 64000001 
0.88998615647972235 1 3 2 13 78 0 0 -0.04829777678569064 0.02216981594829256 64000001 
0.83768427077170349 1 2 3 94 7 0 0 -0.04829777678569064 0.02216981594829256 64000001 
2.89320761228822088 1 0 1 93 22 0 0 -0.04829777678569064 0.02216981594829256 64000001 
2.39336118882031368 1 0 1 61 93 0 0 -0.04829777678569064 0.02216981594829256 64000001 
0.50064950658692120 1 3 2 44 27 0 0 -0.04829777678569064 0.02216981594829256 64000001 
5.35669245355834800 1 1 0 86 87 0 0 -0.04829777678569064 0.02216981594829256 64000001 
3.40221558335255603 1 3 2 53 91 0 0 -0.04829777678569064 0.02216981594829256 64000001 
4.98307988013063063 1 3 0 47 54 0 0 -0.04829777678569064 0.02216981594829256 64000001 
0.08792691618761658 1 0 1 0 46 0 0 -0.04829777678569064 0.02216981594829256 64000001 
2.37539202770764879 2 3 2 25 76 0 0 -0.04829777678569064 0.02216981594829256 64000001 
2.37539202770764879 1 2 3 19 18 0 0 -0.04829777678569064 0.02216981594829256 64000001 
2.59618507411971189 1 3 2 74 84 0 0 -0.04829777678569064 0.02216981594829256 64000001 
2.86457699742782257 1 2 1 18 85 0 0 -0.04829777678569064 0.02216981594829256 64000001 
0.94518845176098676 2 3 2 65 17 0 0 -0.04829777678569064 0.02216981594829256 64000001 
4.45521230185114447 1 1 0 43 86 0 0 -0.04829777678569064 0.02216981594829256 64000001 
3.40221558335255603 2 2 3 41 81 0 0 -0.04829777678569064 0.02216981594829256 64000001 
3.49979246912812059 1 2 1 80 89 0 0 -0.04829777678569064 0.02216981594829256 64000001 
3.17417960454836079 1 3 2 84 53 0 0 -0.04829777678569064 0.02216981594829256 64000001 
7.16369492638288996 2 1 0 35 24 0 0 -0.04829777678569064 0.02216981594829256 64000001 
3.16463832066014383 2 3 0 76 82 0 0 -0.04829777678569064 0.02216981594829256 64000001 
3.17417960454836079 2 2 3 77 41 0 0 -0.04829777678569064 0.02216981594829256 64000001 
5.33794459504777929 2 1 2 79 70 0 0 -0.04829777678569064 0.02216981594829256 64000001 
5.55469780524200374 2 1 0 70 51 0 0 -0.04829777678569064 0.02216981594829256 64000001 
2.89320761228822088 1 1 0 48 20 0 0 -0.04829777678569064 0.02216981594829256 64000001 
4.12963601042341910 0 2 3 81 26 0 0 -0.04829777678569064 0.02216981594829256 64000001 
4.98307988013063063 1 0 3 64 11 0 0 -0.04829777678569064 0.02216981594829256 64000001 
4.04098680661358589 0 3 0 71 52 0 0 -0.04829777678569064 0.02216981594829256 64000001 
5.55469780524200374 1 0 1 11 10 0 0 -0.04829777678569064 0.02216981594829256 64000001 
2.89156655680205743 0 0 1 68 67 0 0 -0.04829777678569064 0.02216981594829256 64000001 
0.72139383215771657 2 2 1 97 66 0 0 -0.04829777678569064 0.02216981594829256 64000001 
0.72139383215771657 1 1 2 96 57 0 0 -0.04829777678569064 0.02216981594829256 64000001 
0.72002373993819713 2 1 2 60 95 0 0 -0.04829777678569064 0.02216981594829256 64000001 
0.72002373993819713 1 2 1 98 94 0 0 -0.04829777678569064 0.02216981594829256 64000001 
0.62150479775829859 2 2 3 14 97 0 0 -0.04829777678569064 0.02216981594829256 64000001 
7.43536160486413777 0 3 2 100 -1 0 0 -0.04829777678569064 0.02216981594829256 64000001 
7.43465683421089008 1 3 0 107 99 0 0 -0.04829777678569064 0.02216981594829256 64000001 
7.60861768233361779 1 0 1 109 33 0 0 -0.04829777678569064 0.02216981594829256 64000001 
7.28240126520468323 0 2 1 21 103 0 0 -0.04829777678569064 0.02216981594829256 64000001 
7.43536160486413777 1 2 3 102 49 0 0 -0.04829777678569064 0.02216981594829256 64000001 
7.23683366710257570 0 1 0 24 105 0 0 -0.04829777678569064 0.02216981594829256 64000001 
7.28240126520468323 1 1 2 104 34 0 0 -0.04829777678569064 0.02216981594829256 64000001 
7.24775550004544122 1 0 3 108 109 0 0 -0.04829777678569064 0.02216981594829256 64000001 
7.24775550004544122 2 3 0 42 100 0 0 -0.04829777678569064 0.02216981594829256 64000001 
7.23683366710257570 2 0 1 4 106 0 0 -0.04829777678569064 0.02216981594829256 64000001 
7.43465683421089008 2 0 3 106 101 0 0 -0.04829777678569064 0.02216981594829256 64000001 
7.73912074461778676 2 1 2 45 16 0 0 -0.04829777678569064 0.02216981594829256 64000001 
7.73912074461778676 1 2 1 49 -1 0 0 -0.04829777678569064 0.02216981594829256 64000001 
